0.001 0.52955 6.97065 0.32145 7.1491 7.05677 7.32869 0 29.3562
0.002 0.708717 6.98484 0.290183 7.0029 7.0031 6.99827 0 28.988
0.003 0.516278 7.36691 0.355304 7.24803 7.04909 6.99484 0 29.5305
0.004 0.537244 7.08638 0.280393 7.03297 7.00985 6.97588 0 28.9227
0.005 0.535054 6.97061 0.288194 6.99672 7.05361 6.98517 0 28.8294
0.006 0.626991 7.00389 0.289182 7.05652 7.00814 7.00371 0 28.9884
0.007 0.536689 7.02258 0.29272 7.27441 7.00673 6.9737 0 29.1068
0.008 0.627825 6.96842 0.288174 7.05037 6.99065 6.98985 0 28.9153
0.009 0.550969 7.08003 0.459869 7.24693 7.00944 7.0314 0 29.3786
0.01 0.537921 7.03344 0.317762 7.33223 7.07968 6.99098 0 29.292
0.011 0.523667 7.12537 0.336829 7.13289 7.20207 7.25552 0 29.5763
0.012 0.53271 7.15103 0.293137 7.03266 7.01677 7.00748 0 29.0338
0.013 0.771636 7.3719 0.33802 7.45404 7.49398 7.31599 0 30.7456
0.014 0.582649 7.41586 0.298964 7.2108 7.13146 7.51666 0 30.1564
0.015 0.829025 7.40857 0.281046 7.05316 7.3555 7.4643 0 30.3916
0.016 0.649068 7.39885 0.350906 7.30857 7.34269 7.05118 0 30.1013
0.017 0.651426 7.08158 0.285652 7.23683 7.03128 7.36506 0 29.6518
0.018 0.651828 7.52732 0.373204 7.60227 7.57208 7.07855 0 30.8053
0.019 0.536472 7.03548 0.281282 7.11855 7.56175 7.26641 0 29.8
0.02 0.704936 7.01935 0.285806 7.04999 7.27495 7.5715 0 29.9065
0.021 0.936942 7.48673 0.728127 7.45177 7.06126 7.06075 0 30.7256
0.022 0.532599 7.00945 0.281934 7.07634 7.05689 7.12017 0 29.0774
0.023 0.530897 7.12438 0.276204 7.00906 7.13882 6.97922 0 29.0586
0.024 0.528144 6.96547 0.27606 6.99302 6.98892 6.98424 0 28.7358
0.025 0.527264 6.95379 0.273051 7.01075 7.13108 6.9847 0 28.8806
0.026 0.524814 6.95715 0.275868 7.02024 7.1346 6.98505 0 28.8977
0.027 0.518805 6.95512 0.283432 7.04208 7.09172 6.98404 0 28.8752
0.028 0.524371 6.98281 0.276111 7.03319 7.00874 7.01999 0 28.8452
0.029 0.513572 6.97795 0.275607 7.03206 6.99567 7.00589 0 28.8007
0.03 0.525309 7.39665 0.275884 7.39256 7.3626 7.35428 0 30.3073
0.031 0.560831 7.38913 0.303723 7.39058 7.33633 7.36986 0 30.3504
0.032 0.546553 7.37038 0.298966 7.38706 7.36464 7.35927 0 30.3269
0.033 0.561771 7.39151 0.302119 7.39156 7.3674 7.39993 0 30.4143
0.034 0.55203 7.40787 0.297994 7.37789 7.3889 7.41542 0 30.4401
0.035 0.554306 7.38729 0.302411 7.38755 7.34214 7.47916 0 30.4529
0.036 0.55362 7.40246 0.297429 7.42526 7.40079 7.48404 0 30.5636
0.037 0.550493 7.41969 0.302402 7.42726 7.46403 7.49622 0 30.6601
0.038 0.54422 7.42851 0.312673 7.40708 7.36324 7.3621 0 30.4178
0.039 0.539178 7.38683 0.292226 7.37959 7.36337 7.36623 0 30.3274
0.04 0.542509 7.38621 0.292638 7.44606 7.35925 7.35508 0 30.3818
0.041 0.575953 7.35153 0.296736 7.46009 7.40122 7.38799 0 30.4735
0.042 0.554285 7.34265 0.29714 7.33148 7.30816 7.32083 0 30.1545
0.043 0.553298 7.34483 0.296119 7.40917 7.33919 7.31813 0 30.2607
0.044 0.546847 7.33443 0.295829 7.32863 7.36167 7.3575 0 30.2249
0.045 0.550856 7.3118 0.310447 7.34154 7.30764 7.33534 0 30.1576
0.046 0.547011 7.39133 0.292852 7.32433 7.35831 7.31413 0 30.228
0.047 0.535278 7.36172 0.300008 7.32129 7.36036 7.35391 0 30.2326
0.048 0.568769 7.3472 0.305248 7.32494 7.30266 7.35011 0 30.1989
0.049 0.546555 7.33218 0.293035 7.3303 7.32976 7.33563 0 30.1675
0.05 0.547815 7.33231 0.296764 7.40346 7.30872 7.34827 0 30.2373
0.051 0.555075 7.34039 0.293033 7.33492 7.35079 7.34973 0 30.2239
0.052 0.539901 7.36704 0.345404 7.29513 7.41622 7.69692 0 30.6606
